time,x,y,z,phi,theta,psi,x_velocity,y_velocity,z_velocity,phi_velocity,theta_velocity,psi_velocity,rotor_speed1,rotor_speed2,rotor_speed3,rotor_speed4
0.06,8.48833384155e-09,8.5541680854e-07,10.0054156332,0.000595052152474,6.28317520191,0.0,8.56166999824e-07,6.81949740409e-05,0.18050906636,0.0246779515545,-0.000507441032215,0.0,461.36103352072564,461.3209780472671,461.16313365280774,463.10788478840186
0.12000000000000001,4.5266740297e-07,2.1808354663e-05,10.0180473041,0.00198751868235,6.28293154607,0.0,2.59986976517e-05,0.000768436498085,0.240535227265,0.0200925667919,-0.0123338282446,0.0,424.0882538906635,423.07146172641365,424.75865683400684,424.36538282971276
0.18,9.74202229871e-06,0.000115557300865,10.0364102955,0.00291478178421,6.28273203849,0.0,0.000329126682275,0.0024724262076,0.371530012201,0.00402779968948,0.0103899024954,0.0,446.49120012646546,448.34100904549814,446.6480630193626,445.3360965995385
0.23999999999999996,3.61661318501e-05,0.000322316406418,10.0607574747,0.00324236297693,6.28298609416,0.0,0.000504744716684,0.00444731628045,0.440018168001,0.00817990830888,-0.0124096148503,0.0,427.60922698180264,425.6628568717658,427.0746182501501,427.4284717123495
0.3,7.30629985902e-05,0.000657300667179,10.0899714025,0.00348782086059,6.28251755167,0.0,0.000785133134309,0.00675752190758,0.533739600397,-0.00569075280638,9.02041336136e-05,0.0,434.6322703906114,435.6785672018028,435.67270889185886,434.51155791374043
0.36000000000000004,0.000135769853412,0.00114416926757,10.1281292287,0.00306980339976,6.28275017207,0.0,0.00128997669452,0.00942660266196,0.73807818029,-0.00965009227384,0.010540914256,0.0,468.79242433050786,469.60359411013746,469.2871850906218,468.97991237350436
0.4200000000000001,0.000219352287711,0.00177401704643,10.1762487687,0.00295455476385,0.000706201767612,0.0,0.00139785684577,0.0115347145405,0.865818104161,0.0102412834926,0.0321079357722,0.0,445.1890786152335,446.950002423004,445.49911160059327,447.1224114129061
0.48000000000000015,0.00028303808534,0.00252401690993,10.2292518879,0.00403368684581,0.00293587951421,0.0,0.000531594139542,0.0135464905041,0.900924746151,0.0301651916556,0.0457214520022,0.0,415.95295770020545,417.14402675730264,415.7404075346282,417.48222431521623
0.5400000000000001,0.000248904834895,0.00342128797382,10.2848368508,0.00640406442898,0.00559467288893,0.0,-0.00192527964745,0.016564717705,0.951864044005,0.0536057556819,0.041337498633,0.0,423.4322273407384,423.05618958602776,419.5136697002478,421.5446994230067
0.6000000000000002,1.81910755305e-05,0.00454822643777,10.3432864853,0.00917566857547,0.00828599657315,0.0,-0.0060082313195,0.0212872215471,0.996415286608,0.0241387510416,0.051095662062,0.0,419.027761566655,419.8763701653573,421.5861572599254,419.0339401881943
0.6600000000000003,-0.000531742522923,0.00602713609632,10.4067789163,0.0104222220255,0.0116008871074,0.0,-0.0126595334284,0.0281518529598,1.11988127461,0.0130207525957,0.0624717330733,0.0,444.54646459741485,445.47957346364,446.0702953394096,445.16155569384154
0.7200000000000003,-0.00160915685962,0.00799277291647,10.4821384999,0.0128725416154,0.0155877699518,0.0,-0.0237448861777,0.037606192086,1.39180499104,0.0696981121295,0.0734015888686,0.0,489.29096316574885,490.1067109572205,487.5798671748584,491.79598240338595
0.7800000000000004,-0.00344004997073,0.0105870122485,10.5727352126,0.0172008645974,0.0201772177619,0.0,-0.0378297819685,0.0493842052809,1.62776248542,0.0766183350319,0.0820435017042,0.0,479.6413286445798,480.3012599056772,479.8219808741479,480.3505867782121
0.8400000000000004,-0.00621520349537,0.0139826422171,10.6767047558,0.0218014951156,0.0248450696933,0.0,-0.0552378414054,0.0643412682707,1.8375521265,0.0767945286777,0.067564226725,0.0,474.0743186218391,472.96490026301495,472.6226210264901,472.6404680971186
0.9000000000000005,-0.0100360741203,0.0182915370604,10.7890852871,0.0265645074056,0.0285886580207,0.0,-0.0725051607399,0.0797436668797,1.90832764491,0.0841123036861,0.0492664850603,0.0,431.04352357932606,429.4973985226854,431.4142528551382,432.03688752042035
0.9600000000000005,-0.0149836161702,0.0236388238218,10.906387764,0.0314542123517,0.0320900817148,0.0,-0.0927389119198,0.0989967791168,2.00156990249,0.0756703111536,0.072163083412,0.0,437.66682195202986,439.5705550212395,438.7287349838221,438.0327487867657
1.0200000000000005,-0.0213486008395,0.0303635551059,11.0331241438,0.0359395469528,0.0368787254863,0.0,-0.119964683554,0.125688088431,2.22253330725,0.0728614251514,0.0918637736113,0.0,477.6962217511808,479.20054707480364,477.1388659698719,476.92834752934084
1.0800000000000005,-0.0293588267089,0.0386919995121,11.1702281868,0.0398649857135,0.0422791229811,0.0,-0.147610547116,0.152362373735,2.34730970236,0.043252684764,0.0860094871413,0.0,450.0464288334454,449.5790124993781,450.90943892982807,448.51411755038
1.1400000000000006,-0.0390827093702,0.0486420061313,11.313437012,0.0421491369319,0.0474306500326,0.0,-0.177021888699,0.17954021797,2.42611552029,0.0248975247247,0.0855558676694,0.0,435.6982050693905,435.6665154445736,436.89399279393814,435.3616563251212
1.2000000000000006,-0.0506982945921,0.0602852372833,11.4618608207,0.0438525871556,0.0523348709081,0.0,-0.210664390739,0.208719346584,2.52110073123,0.034593074333,0.0727349091738,0.0,441.0773102348898,440.02265748677314,442.03007532880343,442.8285454272924
1.2600000000000007,-0.06428466477,0.0735946942697,11.6132408435,0.0459667318693,0.0566358168131,0.0,-0.242595096365,0.235110586779,2.52485534258,0.0364907899299,0.0694909759263,0.0,412.43501730881815,412.15280584419753,411.9937061935623,412.1621023422016
1.3200000000000007,-0.079885007483,0.0885438473717,11.7652240643,0.0488855247491,0.0607881262384,0.0,-0.277787967551,0.263425646224,2.54117385561,0.0657954019849,0.0686276120618,0.0,416.1912873270114,416.1197048407524,415.6158265742411,418.1778144578046
1.3800000000000008,-0.0980431418609,0.10554788058,11.9241890505,0.0528200733334,0.0646267880934,0.0,-0.327930041429,0.303816979236,2.75709530314,0.0651331862087,0.0525210230873,0.0,479.38249799387967,478.15969221328487,479.2830480006369,479.2355549485034
1.4400000000000008,-0.119169429611,0.124963999519,12.0941235679,0.0562687338025,0.067533980435,0.0,-0.376589639677,0.343774683018,2.90695858204,0.0342018995923,0.0387373822664,0.0,461.6495215817102,460.56196200870244,461.1215625758845,458.6736080231661
1.5000000000000009,-0.143418407166,0.146964156216,12.2751150639,0.0589122031515,0.0699766968333,0.0,-0.431957265581,0.3898136946,3.12546316598,0.0587452819705,0.0443934673865,0.0,481.8065081873392,482.23466218371385,480.5793240475467,482.43692719597516
1.560000000000001,-0.17063205332,0.171442878682,12.463289765,0.0620064781306,0.0724180715849,0.0,-0.47539398908,0.426441053128,3.14691473467,0.0306535347497,0.0320050949113,0.0,423.093915954243,422.026885131997,422.70884593842356,420.2827380033937
1.620000000000001,-0.201150426903,0.198731399086,12.6617201888,0.0647368687497,0.0743388851781,0.0,-0.542078531378,0.483433793169,3.46644965595,0.0652385022772,0.0320304817988,0.0,511.8355980492194,511.8376317773836,510.4124780998274,512.8755661401817
1.680000000000001,-0.235482267711,0.229311666839,12.8761025982,0.0688582955336,0.0760908147685,0.0,-0.602487694142,0.536336703842,3.67888988421,0.0748251944754,0.0228312813976,0.0,484.29390842156243,483.601637882113,482.6847538267515,483.4108396563043
1.740000000000001,-0.273587471708,0.263264572246,13.1046227017,0.0729868808583,0.0778554723271,0.0,-0.667822290085,0.595905788287,3.93749745129,0.052710899368,0.0400871684073,0.0,497.19599973959726,498.45883705105007,499.31503675065284,497.70195761039537
1.8000000000000012,-0.315060159814,0.300325129904,13.3409844881,0.076585303008,0.0799266801998,0.0,-0.714802504298,0.639737162281,3.94114712344,0.0715395269193,0.0200396370093,0.0,423.08793573021745,421.35874692989796,421.5521912318231,423.17886813732275
1.8600000000000012,-0.359368315022,0.340064910946,13.5773405081,0.0807255558154,0.0808018209634,0.0,-0.762234478064,0.685281912865,3.93733158534,0.0633818757258,0.000494837009415,0.0,421.34128220161426,419.64792173498273,419.82879809066884,419.12422977787173
1.9200000000000013,-0.40689639957,0.382971010462,13.8178987088,0.0853898591549,0.0803352466582,0.0,-0.821986771764,0.745341307716,4.08069162484,0.0970131464236,-0.0345567853027,0.0,468.28307769103793,465.54835377749436,465.35050728816196,467.98001070048235
1.9800000000000013,-0.457768877874,0.429348377987,14.0642707613,0.0912794639167,0.0782819566526,0.0,-0.873559822366,0.801103307919,4.13145521467,0.10035891499,-0.0335593614038,0.0,439.72095807660946,439.80308828952286,438.5922035309248,438.87841482662327
2.0400000000000014,-0.51154141244,0.478999662878,14.3116757128,0.0981469009366,0.075994024591,0.0,-0.918690557802,0.854492599881,4.11536020238,0.133487942302,-0.0493541379168,0.0,419.0271290048047,417.65078620316314,415.9043280251009,418.80811284304485
2.1000000000000014,-0.568171436774,0.532227663304,14.5606007969,0.107124062956,0.0729106689636,0.0,-0.968674700448,0.920578142632,4.18178974207,0.170460826484,-0.0558046789777,0.0,445.55867717825316,445.0292494277368,442.90787901435164,445.95854880411764
2.1600000000000015,-0.627787777824,0.589672714782,14.8141290518,0.117180881886,0.0700251165795,0.0,-1.01821371944,0.99522902665,4.26868169665,0.16121563403,-0.0359559219083,0.0,451.64186867702585,453.2385893476348,452.0788980833939,451.3595997223485
2.2200000000000015,-0.690235185598,0.65164624351,15.0715804436,0.126794531254,0.0676375860089,0.0,-1.06315231614,1.07142797816,4.31271007093,0.158176961866,-0.0488472947935,0.0,440.68594784751906,439.6180860589324,439.00587137871383,438.7783850790513
2.2800000000000016,-0.755247532073,0.718208442063,15.3303832722,0.135934589725,0.0644373089454,0.0,-1.10366988145,1.14811609136,4.31389914436,0.136891099434,-0.0643069001391,0.0,427.18896284329594,425.8664218552884,426.8457057666859,425.04774161262293
2.3400000000000016,-0.822809576747,0.789904775852,15.5919620671,0.144144070254,0.0603242372815,0.0,-1.14798674847,1.24252354111,4.4048854325,0.136691645986,-0.0787804509971,0.0,456.0593903468736,454.89824412633,455.2752380850172,455.2761100282585
2.4000000000000017,-0.892780633206,0.867026872725,15.8562232947,0.152221659718,0.0555906129024,0.0,-1.18398272317,1.32890513145,4.40368646214,0.130143726988,-0.0791211451293,0.0,426.4829874949738,426.4486192283669,427.5493887417432,427.008574544093
2.4600000000000017,-0.964832289584,0.949473373438,16.1204110042,0.160022637511,0.0511477470279,0.0,-1.21735296604,1.41997027303,4.4024272005,0.129760484825,-0.0654611829962,0.0,427.263018713428,428.4215822188024,426.484337691312,426.4678677484862
2.520000000000002,-1.03912681709,1.03851707673,16.3906348642,0.167913562381,0.047238717169,0.0,-1.25864022135,1.54890966946,4.60400347587,0.134809249003,-0.0645365481439,0.0,490.6440577218888,490.7100166525551,489.6342685995308,490.0238719893581
2.580000000000002,-1.11564639252,1.13489516271,16.6694912246,0.175698310443,0.0431636730707,0.0,-1.29160870566,1.66439587757,4.69063660812,0.116983428887,-0.0757169681749,0.0,459.1078079689292,458.216392304251,457.82880632526684,456.42286024979404
2.640000000000002,-1.19418984649,1.23888444053,16.9564958061,0.182419467785,0.0386122169307,0.0,-1.32596059244,1.80252224705,4.87516557716,0.0995762740826,-0.0761402012981,0.0,488.0250190016761,487.9894542062774,489.6227593942399,488.3355947160115
2.700000000000002,-1.2746684521,1.35119867625,17.2539564115,0.187998995134,0.0336959658667,0.0,-1.35611619728,1.94175433593,5.03924718717,0.0746637116451,-0.0972294231618,0.0,485.2980231993848,483.7072107678804,485.43683641156406,483.5698656712383
2.760000000000002,-1.35667823574,1.4710323987,17.5562782611,0.192477546444,0.027295727562,0.0,-1.37703940707,2.05304712216,5.0380157457,0.0746001328875,-0.142929442334,0.0,437.2130281716489,433.37635969562893,434.922947452572,434.9221149796254
2.820000000000002,-1.43978763775,1.59734106729,17.8571096038,0.197104421937,0.0183477433829,0.0,-1.39259875961,2.15760289935,4.9898022673,0.0817184306496,-0.165929455756,0.0,420.22327942854423,418.20148125220067,419.84585638346067,420.46818446690935
2.880000000000002,-1.52375562427,1.730825285,18.1591894143,0.202227598626,0.00871326874588,0.0,-1.40535959198,2.29223929637,5.07895551404,0.0918603449793,-0.151590917649,0.0,463.24816592184465,464.3509594145193,463.62595938399977,464.4278528277317
2.940000000000002,-1.60829435712,1.87235540899,18.4659663323,0.207335887161,6.28252891186,0.0,-1.4117136159,2.42582694494,5.14644289137,0.0662308666253,-0.167359827355,0.0,459.0714937901119,457.795813167442,459.39419446353384,457.3626032524175
3.000000000000002,-1.69303767494,2.02127440311,18.7734018219,0.211439613079,6.27245147809,0.0,-1.41226840925,2.53844391437,5.10149138513,0.0724047874157,-0.169177872137,0.0,423.3506774292846,423.16563731617225,422.2651581192555,422.8012984955087
3.0600000000000023,-1.77764970989,2.17705587009,19.0783520117,0.215663886161,6.26201620343,0.0,-1.40730621465,2.65458678111,5.06354772395,0.0660721539424,-0.185654098004,0.0,426.3193728176373,424.87805239951405,424.8645726985398,424.32520847709907
3.1200000000000023,-1.86176815963,2.34008336513,19.3820165166,0.219413202744,6.25160486229,0.0,-1.39572722926,2.77992008978,5.05847169585,0.0541383971631,-0.156412998264,0.0,434.7186997999103,437.1320467685218,436.536674901581,435.542415369567
3.1800000000000024,-1.94496517347,2.51101374184,19.6868520616,0.222742923356,6.24236517821,0.0,-1.37664743948,2.91792538857,5.10233329664,0.0580787988551,-0.149555890724,0.0,451.2328240740188,451.7641173345752,452.55735234022046,452.8764721713897
3.2400000000000024,-2.02680191087,2.69049232946,19.9952661299,0.226676196137,6.23367772981,0.0,-1.35039579335,3.06487462576,5.17756368793,0.0773916597826,-0.136657377132,0.0,462.91501306388705,463.9102785053547,461.42203224678747,462.94731950714424
3.3000000000000025,-2.10697542168,2.87849330038,20.306615369,0.230953249774,6.22659857112,0.0,-1.32138341782,3.20209405581,5.20039349432,0.054838653584,-0.0950779779328,0.0,445.57344304673387,448.9467748604877,448.5865129263375,446.75476870882034
3.3600000000000025,-2.18531979431,3.07464095279,20.6187071091,0.233740750416,6.22090037359,0.0,-1.28959574557,3.33630857291,5.20244313882,0.019003005491,-0.0947549524835,0.0,441.8183844599599,441.8372997202781,442.5589228235081,439.5999870759966
3.4200000000000026,-2.26176834774,3.27844466255,20.9291522747,0.234819916712,6.21493000843,0.0,-1.25821040767,3.45716640327,5.14586393612,0.0158706855138,-0.111273311584,0.0,422.6114371084831,421.1756417176323,422.78115024486067,422.5110795700895
3.4800000000000026,-2.33592048083,3.49054158856,21.2405694556,0.236312054984,6.20804582014,0.0,-1.21287446947,3.6126051876,5.23409155091,0.0385700276285,-0.122754088105,0.0,470.09319040237364,469.191499510539,467.3834909472359,469.149650415481
3.5400000000000027,-2.40712419127,3.71223019651,21.5583165101,0.239402171577,6.20028939465,0.0,-1.15983583411,3.77700352255,5.35660135532,0.0694251902524,-0.147327850717,0.0,481.8297363061239,479.95364679128625,479.3853673457769,481.72597241857204
3.6000000000000028,-2.47517142887,3.94326696912,21.8810858688,0.2431896913,6.19117343796,0.0,-1.10758412977,3.92438420926,5.40184964387,0.0459340990036,-0.163238215662,0.0,459.60768772348274,458.32350558530544,459.48785865286607,457.62404251284255
3.660000000000003,-2.54014834356,4.18256091403,22.204020389,0.246167728869,6.18129800647,0.0,-1.05749270299,4.05219764014,5.36259760575,0.0561599200654,-0.167438296117,0.0,432.0008383749747,431.6197176037608,432.4028532222856,433.2652281719161
3.720000000000003,-2.6021533764,4.42907788398,22.5227155356,0.249414857722,6.17136155482,0.0,-1.00856537529,4.16523268866,5.26085251101,0.0496893939548,-0.162181168466,0.0,410.12582492909786,410.56390093259995,411.69407720782357,411.1232216309487
3.780000000000003,-2.660529793,4.68357854518,22.8399210893,0.252614702976,6.16194543072,0.0,-0.936435360798,4.31815241989,5.31208465621,0.0597649723196,-0.148106860545,0.0,460.5657308186502,461.6552508759936,461.2987025436782,462.0955280573274
3.840000000000003,-2.71429607541,4.94748806041,23.160944365,0.25686510836,6.15262755844,0.0,-0.854932024552,4.47891183761,5.38790974819,0.0868621906923,-0.176260690928,0.0,471.20738279138266,469.0033457687269,469.60233972989414,471.7033069944219
3.900000000000003,-2.76334311929,5.22039569258,23.4837978604,0.262510934876,6.14215965059,0.0,-0.779068168683,4.61828171474,5.37352029225,0.105624271418,-0.171100904698,0.0,443.11127859802065,443.5059554393995,442.3500549820729,443.90009819635674
3.960000000000003,-2.80767910431,5.50168828098,23.8055708001,0.269090577089,6.13191531141,0.0,-0.697927715122,4.75848766951,5.35186576011,0.116704048813,-0.170025806369,0.0,440.6594374410027,440.7200901231505,442.16212035309394,443.08476443985325
4.020000000000002,-2.84585258084,5.7934022396,24.1329480761,0.27579297012,6.12156124803,0.0,-0.573497734308,4.96554325908,5.55889008646,0.0991556862848,-0.178200625382,0.0,513.1795851505178,512.5745628998602,514.0072599791989,512.7710151043913
4.080000000000001,-2.8773508968,6.0959205181,24.4665570868,0.282045140336,6.11140630945,0.0,-0.475555778423,5.1186625435,5.56082446176,0.112749658793,-0.155617239893,0.0,453.36510898437047,455.14920059276795,453.3445777452589,454.4449255810008
4.14,-2.90269200139,6.40785746855,24.8007575971,0.288249079336,6.1020795837,0.0,-0.368350653907,5.27951577445,5.5784520213,0.0681290682253,-0.155104440653,0.0,460.6473820817957,460.6660247564348,462.10953700557366,458.58594802304896
4.199999999999998,-2.92107280499,6.73004787649,25.1377752793,0.292131992784,6.09279228295,0.0,-0.243529112156,5.46010246887,5.65444444548,0.0568265471886,-0.154164324328,0.0,479.61179750884577,479.66249763120646,481.71413566461365,480.8611999081383
4.259999999999997,-2.93324512383,7.06091198849,25.4720369514,0.295662442896,6.08372444759,0.0,-0.161472594953,5.56889390607,5.48811982269,0.0625908455595,-0.145671350035,0.0,400.17437460820076,400.9226617864394,400.1619546726219,400.6893191260616
4.319999999999996,-2.937977292,7.40173613228,25.8075313466,0.299223391006,6.07473801962,0.0,0.00449368059325,5.79159849004,5.69313112022,0.0519197733967,-0.159579140321,0.0,520.8312383888697,519.8397680458435,520.8546720466899,520.1095831531176
4.379999999999995,-2.93378030493,7.75421006383,26.1496321571,0.302242494315,6.06616486109,0.0,0.136149629674,5.95739879547,5.70952705746,0.0469074239347,-0.121569694392,0.0,465.04977696494717,467.9991356698958,467.20573246360243,466.81613060850304
4.439999999999993,-2.92211381224,8.11584139704,26.4901395643,0.305255744726,6.05870911257,0.0,0.253351250637,6.09695328274,5.64057576457,0.0561358160149,-0.130273436033,0.0,441.1219435263265,440.3881925826637,438.64549636134745,439.4130111971475
4.499999999999992,-2.90339044099,8.48570838271,26.8260519419,0.308641445529,6.05096490584,0.0,0.371408275496,6.2319648464,5.5564138676,0.0570068478004,-0.126768318977,0.0,434.4801870495018,434.758384324785,435.3740807546271,435.44921273791476
4.559999999999991,-2.87737492802,8.86378024637,27.1572114355,0.312126033584,6.04327305656,0.0,0.496404122712,6.37042479456,5.48205606354,0.0601333648849,-0.131217685115,0.0,438.6724710867875,438.2874606987295,438.7007318362374,438.96271412372454
4.6199999999999894,-2.84414225349,9.24964535583,27.4822842923,0.315823285812,6.03580396377,0.0,0.611995680665,6.49182345653,5.35385141336,0.0644400076031,-0.11361379721,0.0,418.81252554361316,420.32601411840847,420.2839704538203,420.66013159758285
4.679999999999988,-2.80322118867,9.64358052553,27.8020429512,0.3192718415,6.02848262437,0.0,0.752586610541,6.63929530718,5.30437515949,0.0375125323149,-0.149616225887,0.0,448.72043396593074,445.77300411164566,448.704672090953,446.51480839039056
4.739999999999987,-2.75347225111,10.0466640536,28.1197293442,0.321615357096,6.01913397935,0.0,0.90642593925,6.79656811883,5.28459609264,0.0419833952659,-0.17257072353,0.0,459.56961089991813,457.7233963550122,457.831150774718,458.1875306350229
4.799999999999986,-2.69503313727,10.4583282707,28.4336988297,0.324152481578,6.008341916,0.0,1.04237872843,6.92546802426,5.18098438926,0.0428825262241,-0.201320060638,0.0,431.58693085760507,429.119381652114,431.05478132856524,431.13180839043383
4.859999999999984,-2.62752029668,10.8785336504,28.7438964844,0.327465460387,5.99607689497,0.0,1.20899428513,7.08113525064,5.15822603817,0.072544538167,-0.211455264025,0.0,459.59261853963113,458.74868335133954,457.6850889695825,460.04221788852993
4.919999999999983,-2.54823695614,11.3097506886,29.0576031369,0.331775212407,5.98373872481,0.0,1.43471342344,7.29233025419,5.29666206899,0.0703595193765,-0.196005099449,0.0,510.48715127898083,511.55296499279507,513.4014708376434,513.2495946481479
4.979999999999982,-2.4569925421,11.7517017888,29.3738646244,0.336047875576,5.97166962319,0.0,1.60764253627,7.43923578939,5.2447155866,0.0728610733754,-0.214175607155,0.0,456.11348907197413,454.6205439582714,454.68467534717007,454.8888611441463
5.0399999999999805,-2.35665181409,12.2009500297,29.6826200813,0.340421659984,5.95863128562,0.0,1.73802601492,7.53581701607,5.04746709628,0.0729669404257,-0.224429124428,0.0,405.58902177013135,404.61483676260195,402.26733277196985,402.28164935238794
